24667139
30076562
37502578
35909886
18454162
34697216
31221853
37660914
33878034
32710014
24912389
37641533
37385587
31276732
21712440
24444746
11087716
14532265
32886765
25294497
34974060
35511725
30002126
38678117
37577238
30111217
26041473
26188768
26690274
26724786
26743760
26746780
26842067
26868655
26961877
26985570
27114230
27129263
27129275
27224909
27313494
27340460
27387429
27436242
27454606
27457156
27514666
27547863
27632008
27653471
27775133
27779934
27919787
28051182
28100784
28101499
28167607
28192249
26011187
26164272
26187284
26296622
26433966
26444791
26518624
26589705
26598607
26611442
26626878
26638121
26650734
26742562
26743206
26748395
26764011
26808305
26839079
26851486
26908325
26921779
26965517
26992723
27019557
27393999
27449907
27746901
27748756
28393916
28800703
28895238
31753657
28067448
28105260
28031227
32090918
31736226
27147698
28107515
28070066
28134248
28069074
28135419
31823955
31805963
31793901
31930057
31879671
31751508
32274071
28052032
27979224
31781300